113
-123
-108
18
-112
-9
76
-30
28
-14
-55
-39
22
-34
-92
106
8
-71
96
-22
-30
29
-114
-112
-16
6
-28
7
7
30
83
-87
9
125
-13
35
18
24
106
86
98
114
94
-124
-82
87
-52
127
121
117
55
-21
119
54
-20
93
-106
-60
-15
-117
41
125
68
-128
-23
15
-83
-57
-55
-127
-46
-4
-78
58
61
-10
87
-9
-81
86
-55
-14
-78
7
13
41
-4
-123
-90
-106
16
-77
-112
-30
-75
44
-47
43
-17
41
57
0
91
-61
-89
96
81
92
101
-63
-99
65
-110
-22
52
43
-19
-77
74
-15
75
67
-73
84
112
-114
103
-73
8
-60
-117
-20
-30
122
-125
89
91
121
-60
117
83
-11
71
-26
-29
-79
-122
24
-27
43
